-712805289
-1282035161
807448454
288976930
2075727186
-565906867
1110690507
652199042
-1474542149
1125790569
14860275
709049138
-1471264774
15548305
992711118
1587036104
535052948
-1050274004
-1566678040
-376536672
-103217809
-919258703
-1835520134
-17470940
-1044451931
1734297657
-1372561964
1589225725
-428157379
-1895735987
488803623
-1969253192
864022393
-311884507
801733612
-495431966
257873792
-1378063099
-1811375476
1350797484
1171680565
-971390741
789481219
-716499318
-2059651357
-1156130601
1192849963
-1483398443
2095945291
-657224451
-1132303880
-1680436150
1166165395
-1099454351
-1479846987
1786345117
-1427869953
1017400813
312394220
-547775529
212420325
1166831795
673058109
-965859014
-924455708
1177555833
-1332033729
-161029594
-1626198809
896237546
1814233638
669996894
-398339050
-708634470
691622654
-1002323218
1974252476
-264086896
-446001960
381321975
108077654
-963004534
-470151734
1420671515
61694780
-457433491
-601175104
-1714146674
-522501056
795741877
270487145
1159882171
1799848291
1772180953
1139043402
-2063778341
-721147142
630317474
352934941
-1316908139
-1499748694
-1549559146
-667251850
186737348
-217993269
-798707803
-1510235969
741754475
874326320
2105475994
-1433764791
-1036240542
1146890481
-1457957306
-324242906
-370481813
-785380899
1421275743
-74202207
1371036988
1707849668
1795915060
-1241912175
-1502850164
-469784469
1419306442
-416550531
-808434442
-2046912089
1777517597
563331227
-1429549002
1369543677
-1537877241
731240227
-932861234
1653098503
117628123
-1950021340
-18414152
-887986508
827519834
-1779185050
575426609
-188494955
974239506
-1619644266
-1029535733
-1863709906
-546185365
1102025057
-1903942081
637469142
1801422357
-98233481
2090912808
-724135601
-170690482
-1986311604
886828582
-606377485
-207513877
1548343890
460308580
1449340657
-1440921688
-61566111
-629314545
-519934595
1008266645
-829284095
1213534291
-1437917705
2093491212
1451393509
559597858
-642484910
213110963
297806991
944957492
-1570677883
2101838356
96837529
1261526203
303795566
1778017969
-1607577043
1812455662
2125509902
-503103589
-49800390
975679328
-1005753358
-1521377132
-1711438989
267262981
-799606203
-777436590
1001201740
70895406
1735071371
1698280662
-2029364120
-487928589
2031902569
2017726605
-997990237
1751212731
-1786211948
1394243288
1677554936
1649453229
-1341704889
-965575427
1738434345
-1030032960
-1593736236
-1208953933
-60710869
1804939956
-392112531
-1591049008
-573971223
-343855624
1193829009
-313641230
1770244288
-1046928880
-509299195
-2082203142
-2021492521
1601903145
-1725104103
-1442499333
-878161767
906535101
1874874570
1482768165
-1772289473
-1237834884
-543450120
1514274921
-162129120
160107733
-76052534
875517010
1671652648
-208165937
1076251288
1636682771
586087682
599248837
192914910
-1328423322
-146819366
1633756038
686568269
1175131947
-466546642
1862315480
-2020637683
1725410579
1320969050
112968399
-2057822041
1668480154
1234895141
-1134993643
-329766843
-80187763
-1760183210
-1887454883
213349545
840899323
-2034091398
-230020640
-2003962021
-607646548
258967063
191753082
902641093
-933710861
-818169521
709182618
-705913447
-971899227
-1517375068
-1705451429
-160461728
-784181207
-63834329
670345374
-1700873192
-2014402118
468606703
-2137871076
364481841
1707419070
1153180295
-1414569872
88326660
1874440266
-62955346
1154245428
-423117547
2046618857
1531719983
-1222413070
-2143042178
-1531889798
-1690178122
-1545928801
147258768
1209405683
-1938202157
-2083490545
-1595182961
-970516050
1695829721
-716892013
255678341
-1426412725
-1320055287
783091785
-1690004736
268294508
-417480772
-197990440
685910138
1179009096
406163325
-1930078982
1301683773
269238579
1272458552
1602606835
1064292668
-616183251
505766803
-1165852719
-2095473227
1754098045
-127389958
1610813080
-8594942
708000971
969349356
-916611639
624796380
-2083471607
-2135212363
1902796732
-1634953711
-1662758409
-1553139272
-2008812416
-657546859
-687874342
-1241781363
-1876288900
-525553766
-89952418
-426557834
851265688
24684889
-400862893
757679806
138834652
-1328645651
-1801354465
1353510095
-2110514584
-1255925138
-1893777284
-2104116049
239402810
-1851540412
1475917194
-1868919972
1370574135
-1881768613
515491985
-1190971284
-1780874107
2016632517
-353076738
-1590472070
-239446210
116711099
879422896
-969799698
-1527469890
-809790162
-1314548561
1412193720
190494812
-1797793414
771549720
1635113561
-8873893
1515185813
1325998889
-1270780581
1899025686
75351370
208738043
-1387275284
-576209259
1197804455
456688955
69197204
-1210238209
-1025258972
106773290
-433502884
518643445
-444311739
796685770
-2019419263
770766399
-575291267
-758967731
274153183
-1662844705
-423706607
-1838952591
-1224830885
-678490910
-193307154
-2126645723
-459410785
878073403
254310071
-1588942319
-5072215
665556558
-2015437939
-423514421
-2108266896
618468920
-1641828017
1484369787
-1897927907
1315202367
-1154264019
-761855838
580508782
623505595
1152937444
1517743587
1921232031
-1098702849
1123264875
1208587766
1381656942
1241778703
6782837
113302664
-753449192
-2136569524
34860617
543973831
-146896911
-2083533543
47979428
-56756466
1067269679
313721623
1253528343
-1817582072
74714174
-959508637
1656811729
1570862606
-1695710438
-1867508960
-1990177835
-2050388694
-1707886292
1659575151
1713682527
-1632202351
-132014298
-261463239
-255418926
1865977718
1205158875
-1402691052
1887164926
-1990512488
1568061636
1383509273
-1796282956
-700468320
-1242882424
-176418637
-1738752412
-1369306405
627326822
-365138739
1019692529
254399267
1801659026
1413246952
-394744980
1915111779
1715372342
-1637775670
1291960075
-782979
817699511
-386422116
491865984
1217181672
985387470
-698066327
420364645
-402519027
-541086907
752021889
1232812357
765525043
-403008700
1188785467
-753779856
675146614
374763751
165721229
798625115
1520336877
312535
-767442330
1801958464
485341220
-478308516
-259994641
-714667468
-184618713
-2112220681
2060019973
663044498
-880664651
1839366193
239897039
-1393349890
-552033656
-2146086790
148028612
301784230
148254397
-1121049817
1918562316
971871823
343740747
437640819
1414755885
2104175687
551733421
-371584897
2016381192
-809435728
1798460580
-11666476
694340315
1958506894
686593592
1206398628
-740137289
941975870
-2011947009
404507370
-1804888058
-734918204
-1236142141
-30044907
574048042
935406349
-410423683
-2133405626
1721213843
1904315748
-885221151
-1164813190
-1560835524
-2054581820
1875717551
-1669318159
808967334
-252888590
1266446409
2018825778
-1005226506
873775087
-620674629
-1098134917
-1149292577
828457919
-765136254
-357247875
1712202463
320888499
-1840402008
159932961
1516381829
-244891253
-505435323
286727025
-1770965194
-575487417
459035904
-1465483719
-621877324
-687212128
134463531
-516212061
285102946
-185196754
-1058274658
784070983
-970710687
1871826846
-766634849
-1870213109
-388225740
1453949214
-1573249708
1564749179
-1157066708
917719282
-1228753324
1239252632
900687864
-1490127096
1711325127
337343020
27086726
-422752226
1011510872
740621102
-225203218
1859358316
-1001446802
-1586972219
1330341445
-1359569457
1266104886
-40927853
652713562
-1098180809
-1658834113
-1061331303
-1542845333
-1006591705
377815539
-1399847878
2127147741
2136203468
-1535272159
1114806139
-658342850
979262432
152198860
905757623
-1740480422
1134213008
1007090240
-1982434256
-263081985
2069773209
-33776693
1737630464
-1381400826
-1816902118
-2006822543
83581247
2030339006
-1254182347
-780832815
1346988048
-1769233326
-666980341
1817655337
1119779702
-1374259249
-406153000
-859697661
-1006481738
515231536
930121504
1158521407
1895374676
873181537
-501306018
1995183636
878658146
1326870975
-1152986176
-14489136
1413792896
-479972644
1317883547
1728460084
-310310408
-1310059515
-1100892071
995500478
708651083
1390680600
1960959591
-175628500
422797808
425173798
-1870611716
-602089876
1501926798
709569711
-1446112018
461614838
-1668486214
-602265398
867290488
1995576659
1982701417
-498184145
-817106209
-2131394533
1510010109
-229143870
1789074891
1232173113
-313257296
-1714549879
1305028774
508834040
266102777
-201601267
-1489774778
-993985860
838099133
-1241718831
-1448584939
-922797566
1931390472
553863665
-357721325
1362353555
-1194294617
-320634373
-1267288750
607782114
-778452480
1404898278
2070125123
-1808360123
689107064
-467071050
-1209545102
1502358939
516329527
-405756347
-1599225703
1757524973
-487416071
112156578
604739257
1829337845
321866852
985158738
212945688
-1750310585
-172547321
5979400
-867773753
1591071006
19634425
1251365963
-1005484580
886744844
1651313303
1575754278
1490182828
1109887618
-528236990
-1605542729
631156654
-2137345735
-1111218454
-1469862466
-1665912839
1757032899
-1708727057
1623192793
490342842
-689443545
-1821027462
-954143460
906410784
1433440837
-580744020
-1617745834
-1285207236
662917636
1577855481
-552081263
38604249
281107344
1152273533
-792543189
15970112
-44733329
654669873
541719655
-1278452128
-1902920036
2005604802
607686603
979595876
-726546372
-1994538404
-1344623399
-1406278919
1963863569
647268466
1984910833
892642017
1030911000
-955333767
145942194
461548395
1857793785
-1192951665
827885210
-44301449
1916332676
807027833
-841078570
-1902293423
632366877
1968500868
1600770315
1606333691
-280275556
-1139100729
-42358188
1932497743
1746841964
-1285994581
-246632317
1026309800
40774613
754481172
1119380528
1772499847
1009441700
-1171011647
-930314905
1446402343
1261491428
18446288
-1391666631
792183925
-2089805161
1576335661
-1492029146
927822642
-1707968816
2044263412
1730484948
-1172579882
-1059913229
-519511882
286624811
-1043080108
-1672983228
1126654946
402132713
1665719739
-275015805
-1424124794
-2063982153
-2136944356
-166392466
837693429
579396418
-996976087
-263806390
1707639234
464566467
-1896832221
2057109069
2113544640
1350474862
-1210833338
391570834
-2118213725
227677822
-935811684
-435209416
1142712160
504272923
-2110657134
2095158121
-1969260414
-1579170714
1331698464
-705145010
2028241288
-2037398818
-167304764
-309954391
-1531112946
-726452567
1673565857
860067358
421865399
-603142441
-63261994
42932388
533967253
1176898563
1584472782
-134204818
-814668802
2075418988
-1194993226
542987713
-970720454
-1969204064
-1455571723
-703924402
-335771363
-274671920
65479010
-2067869723
1623445696
-1227243747
-148620696
1455161977
-1252956248
1137682164
-580381109
-279989025
-995856883
-1992812015
650198596
1882945483
-1937460630
611495897
228148678
-19939727
199270716
-107781249
328507720
708033314
372145281
-1971234667
-571576539
-428844588
2052195525
-1714743695
1485267061
810346368
627158334
1371189829
173427053
1853564498
477930684
-1435132703
-77267067
-1723638094
-1940329554
-522931550
1768983215
178254510
690581923
1676859704
867042632
-1108456046
591603024
245314696
1259769591
-2147186720
1332192679
514777641
-547273499
1539628759
1871142821
1089488617
26735528
-1877514679
1814924850
2094503178
1086537410
355578193
1241545701
-285105651
76943357
-493056000
-423487894
1917667254
196004407
876947378
788765264
1751124199
809885748
1146459578
1246193094
-1029716853
-371104802
-2032092707
-251559621
57976343
1935605665
1377357640
-2046894512
-778152086
275367758
1647824434
2082110517
369738292
-1413283280
686421528
924092504
-1316248632
-23132407
211430035
1115238418
381049708
-1752456066
1135529228
1670302455
271087088
503580585
1476621140
290245039
-645775779
1231443042
1190135860
677179698
-98866601
-1339317745
-1911478993
-1893206790
1288847443
1988152677
-1843677001
1455221433
-822780126
-555812345
1330638635
458665331
1988169056
1894866245
5830319
-139726632
64764724
711797407
-617949696
1372849669
1038931717
-537966375
-526065039
1273063956
-2123342305
-1342817032
-832659280
-1355662481
-1962537274
405048638
-1104398974
-999593485
1821785775
250831475
-157070865
-2022569781
-2082520219
957233418
-1620947856
-1949129932
17486001
-2013913741
-614301748
430817298
919576447
-1436766976
-309788917
2032959540
-353679404
-479101270
-819452334
-216630992
762145674
1907170516
-1008366496
1535623474
799144939
-2049580442
-1801455832
919219485
1538432287
-1671967789
-1170424443
544407990
1545007301
1602657312
2141413869
-1984150561
270748829
-1705675255
-1870800663
-962315985
-1252230584
1102992444
-238302025
747765082
1043898494
-610877231
-1195596636
954164752
910820326
794538314
2001947427
-325068074
636790117
-592630624
-246874976
-1869376743
-1035747512
-1322093578
-144644372
1373245086
1103199809
212974627
-1748717920
762415774
1900010670
-926825312
87613304
1322328654
-1301128897
1350033051
-1230969728
-302856528
1830173756
274868044
321283458
-1622902194
-296738334
-1845982678
503242962
241372926
1371117662
-300254219
1604098874
50899635
1330143302
1748222626
137876688
409559709
2119395720
-533086990
87878118
-1378067046
1803572325
-1708128475
923454098
1473097814
758203001
626203476
1665946257
1426984545
2020345475
610352434
-1118021404
1646773790
-424670575
-2023310577
-1888882151
1671141607
1489119304
586555318
-1628822226
2023496819
-1730517196
-291046173
947022127
-1330263273
1106109996
-1748323764
748981355
-177614638
-1834253477
1042033871
-727117623
-1823387578
2071495016
1732897382
169145435
1666569952
-162961911
-1067274167
-1928140470
2876824
-819897756
-1534238354
295032894
751351244
-635855721
-2033752483
-1087899934
56104461
-1444419013
-1346435379
2107861759
2140307515
397654363
1856035559
-1297708515
-342727729
1029833076
1661091938
2132900686
-1478141851
-1753464665
947303714
1671312369
-1604591081
-729702520
378842035
-344185125
-1164008953
-927411136
-1014753926
264624125
497832189
-1327115243
-592864262
842888713
959025117
-160476089
1630500645
123841093
-313624084
1288982609
-702963646
1786868239
770205451
-655376323
1510252532
1155444061
508661899
639435752
2028320410
816367191
414980721
-877759901
-649485043
-1285733774
-603877442
-954165246
-1863671049
-347180693
970494236
1334232201
1813851867
1739897540
1699150284
952994374
1914045155
1520472016
-1256061552
-495140884
-1900393153
1539313203
798655195
482802139
1714397211
-1829018224
23026727
-457473108
1517284736
407184963
587317009
-1565467808
101509373
1647809686
38938223
1695258766
1206948358
1642528262
100984253
-999973975
-1639439943
-1590573124
-1555388858
366259352
-273768450
1684716147
818667241
578286024
1815070569
-886703969
-262801237
977850004
-2022506615
1655673680
1659630827
1454913274
1919970627
1671287156
-2146121623
624667444
-1679502368
-1836191943
1598596896
687645928
579988184
-238957098
-1310249566
-1456896760
1326350467
830230103
251031640
1008917673
962391596
-2086015764
1265048454
-1632655510
-1881347491
-284791340
610811037
-1546512948
561026210
-1637845029
761145695
1071393557
-898947358
-2057234428
1497735752
-239018481
1949144418
2023825517
-179098264
-2002654987
165876989
1585607389
-887423717
-1937174920
-1082805153
401472183
1089946243
-1395542552
-235182233
-289876745
-13416083
45069528
-508679879
621309164
-1677691394
1853016345
939789033
-196017151
1379832164
782621046
-854784301
451158416
1577591705
145478367
1517063616
-1933420022
-133954618
1456998580
-595549823
-972967919
742750298
592801047
1788475850
-1423090809
2085241331
-1102667305
674319658
-1159248387
-181523176
1868752953
-291198
-2017284829
752758122
-392280517
-747697233
-2042085453
1048865781
47800160
1495410040
143921894
-387875099
-1463430468
-757918318
-40545219
-255092889
-224293721
1178624674
1950469934
-328206901
211871666
1517011475
-976021041
62355923
1539416547
1537549762
727706265
-520568355
8724342
-1437191801
2060199403
204042305
138916940
-1868739299
1517399698
1082696561
1248237552
1229555132
665395960
-352618476
642777613
710641460
2046559862
1874209168
-1201047494
2084174798
849139881
1643602222
2098564049
-1072892099
-491394478
-390932261
1854404902
-1670734935
-789743791
-113526216
-174251759
1173543038
1023532437
271777796
-1125144937
1504716040
331122770
-654275874
-837926086
-2133428491
320307158
762981207
856597091
-1548385644
401621113
92946464
1869262921
315309300
976799645
-1956944438
329545432
1219002321
-1443809867
-1662038906
-947959486
1245465999
1062154417
416731408
-1705991731
693404783
-1358705081
1393252268
1117690922
-1074131830
-1609241635
-634526917
-2003749608
-2109749215
1994610235
1855320261
-1012564899
-1019798007
1587804462
1433133175
-2057148385
663014672
1888615031
-1679033423
-1795158543
-202785036
1629215697
872846333
119343095
1448180847
1031492843
2023461879
-1597481668
-2098034923
-2091606065
-957738867
1233552064
1100601625
-138537302
464866334
-1136885510
-1690371222
-1240698154
-1072225685
2086128298
110696522
809908958
53937340
428406471
-2027950289
-555182537
1233942928
1743615403
1348945476
1781076493
872930112
273107991
2059483325
-561796310
-1538319263
1371339712
1544874748
-2008820241
-1488237941
97943290
-554951742
-1737037192
1806193369
-576084420
1204898744
-866796498
29805379
694676994
1231747147
-1622151734
1776743931
4980097
-1419076357
-1319620499
-1404608435
-900922470
2027496317
1463012323
1611582947
-509843438
-854726753
-1454331644
-566332659
903324673
-1401605269
544181982
568104370
1835792509
-1085011690
-1143771132
-719030366
-1251304828
-689538987
2088751241
-101163286
1637472177
-534191807
-294628422
-820329252
1518204782
869854835
-359678306
1259485767
341195829
628353504
680661928
1886892507
-301663474
1912844647
-73837152
845040536
136062507
-1572733557
-1764769525
-601251058
-1283757923
-1595736288
54907724
-66769814
444649987
42467780
1369525197
43109189
630777009
555489798
1130373965
-420090296
703280851
-223492060
-145078603
-2085095966
961147718
-631399808
-1708217093
741594479
310851834
-1560847965
959688919
1613071561
1271468261
1129207155
-492648447
-1187568894
-1292864256
-1855988934
372053378
233919750
-42009538
1963930690
-1634582384
1560205665
1369682824
-1180276315
235081514
1711304950
-1242104818
-1704454533
285797766
454662831
1632700214
-734559327
1356930251
1837445844
-375106991
415480511
448833879
-391764916
119544671
1411583699
-1468700362
604763078
-310927883
456073748
798837342
1993965034
-1010528826
1847553607
-2034284186
-441494907
925001797
1319502268
19449058
1205623549
-1329679486
-591857081
584340226
53540463
-1228947860
-50874631
-1121646754
38560098
2146184379
-915364621
-341335570
999050239
429106900
978049615
1870306990
-605658642
-242501367
-660487056
1126640021
-1922689095
-69943442
-939923255
-922315641
2053937733
-1904824537
1379078461
1594451126
1160318392
-1468537198
-1270865103
1552402747
811973678
1434962531
-730833195
1344212317
-1531446292
-1276633946
872271565
-295244583
1814032223
-2137071633
1085281575
-1007938816
-1500669473
-1017193046
-883186436
1117805593
-365240702
-984153594
-1069852177
1270102337
1299622633
-1554024301
127871505
-1965684735
1371803950
1601559600
-1547934236
540330273
2026340174
2144313593
29470187
60082787
1750232577
-1602713891
1449886784
-1759287682
1266114613
151969663
179116028
249556563
940106759
1517345152
-81000964
-189772970
-1085000850
1318850358
1608890051
-445885170
528412357
41201949
-1403435542
14468365
-1147858234
11645513
1298968026
-218488064
1568959352
516760467
2057303751
-68630834
-388288749
1900130786
-1830985078
-1862761688
-1913606020
-729369460
-438730138
-232915069
-1731122143
-509782647
2035683843
1775584311
-1279432555
-1822344160
1311638491
-470544662
-1166886696
71794602
1910336890
-62261300
1550319545
-1713555721
-1858576699
-765450712
-1045853546
-983807704
-720059344
321337391
1093318015
-656140391
1620160248
-824693534
-128966272
1389107009
-65573035
-1622562755
-1473484163
605804687
-925261420
-142590404
664644016
1941072191
-1137177718
-917961296
-202676334
-1713857045
-414972100
499973925
-1112149569
-792128399
-2082363730
1747408958
324028379
838744391
1803716598
-1519939702
1084838737
782315133
-1536679301
-1056206058
-2017878224
-1260717673
-1296103505
404888911
-1546420703
1669098434
1907451007
-1316360426
-516112213
-1788176710
-1707827777
1620974796
1812802831
2068322485
-843308761
1543940221
-931932769
107511353
1609431016
-1449163385
-381544786
-1571599939
1554839428
1375437347
991801465
904660283
1875760340
1503207274
-1046526531
1232933367
-1224850050
87907320
2005409472
-1737339153
990288577
1601741461
-1044846598
602817949
1687188312
1010899477
-300745113
-664431850
-1346676759
1618791820
800702977
2057158033
-167615190
1014728100
1184904531
1823862648
-460134911
-2013807424
2019405432
-1557226652
1589278923
-153043943
-1217580387
908470041
724309229
919256721
886443297
-805519613
2006769992
1479667935
400265359
248875536
-575992792
-944190317
-1814365634
523356026
1888567451
-64226866
1599623859
362682424
303044380
-988732010
-708363578
1318462393
178106176
-467254439
-148870747
357592547
-365483775
-521120946
-1360352871
1090204610
-857372140
984916677
451500200
1840980822
1172978406
-469444541
-772768457
15885293
886946425
-107568395
-1873176234
-1602994407
77007887
-1923475362
247191466
101630842
-1555510504
2121653110
1323811281
1952468184
1897191179
-224935025
-1366898173
353546859
1267664875
-1510973261
-1684301363
-760623327
2043755420
1207241604
860342710
826616991
2066209323
1125568470
741227957
1924525753
1620148784
917206693
1381255766
584350567
1545892866
-1069138519
1623411507
992584384
603178094
1978923921
242505236
-641905762
-566244476
-1281202310
-1147260967
1101297868
-2127000299
91595686
-1572996276
-716489764
2071457592
-1898784682
-247612034
-1844302140
-664607817
-1370030249
1864692699
-783198042
-58810343
1677723426
-1778822338
-94560570
-1760024814
-1797558813
674856291
-706520291
777917979
1703613114
-1781102663
1172018875
1811436764
1656627893
-740205078
-1566631918
-1475088932
151679385
291573091
1042195818
1430166922
2051912617
951800926
293196059
2092262338
-1139922218
-1355010335
1787921142
-762565910
-1102427845
1402458401
-1027046083
191243649
-80744142
-516311570
485103580
205425005
-616027192
510857494
-1904408283
-195443116
-1085484863
136728182
1982631134
830686077
1748804421
-1695585282
-1666710937
1384924461
-31041498
-190631937
2045310045
1656680391
201421536
-1148190476
1728400853
1616150476
1560949400
-951344416
-388730789
-1541108547
768956907
-697499351
-2059071958
1638255488
-2120481359
-1737199104
-82808092
961354769
-383370675
458009207
1536302735
242241152
1567288575
81780591
222920209
1694392064
149214424
-1359548638
-250855075
2049455162
2120312549
-711242995
-2096263986
1875754113
192609175
-2098285114
2105853611
1833783851
1124597610
-1130958297
876865421
-1282265910
-1202649415
501447648
-788032798
-1238722273
995725232
-1045870440
-1414204434
-1557323698
1842087836
-387251041
1538977271
-163579951
-881125047
-1681507265
-1751379176
-1202206949
250437077
263738553
-1111424000
-277656511
-1372935563
1986660057
117745738
1422629731
568619763
-680721906
-536378124
-1321019549
-55730272
-1145425525
1840580276
303737495
1728581508
-1174819706
1410385774
1339174922
457336040
1187512025
-865709669
-1043839054
1456269517
-716002706
-1708854712
1568509350
-48486366
-108372185
-2134253265
-140514074
898666735
1886365338
-920962515
1328528392
246208129
1784169362
-868720107
-1326247297
-1209789903
-1299724808
211761910
-167032171
1795627044
-986980561
-463607738
-2111571891
-752303110
2007226982
-1743982677
-1282524639
611517518
1883809101
205941918
-1244306620
-1125090371
-1636538572
-1527305148
-1475411383
1585891048
1179280949
1293778137
-1484703637
-1518869373
-1017564286
1594068072
352213565
-1628932985
-1900073398
-1772453522
-1103984262
-90105884
1970407959
-220954133
442401647
-1195664461
-340390090
-540708168
714507336
1547859863
89602138
225429743
490527802
-1452188201
-911927603
1750912814
-1631429646
1586032214
65151140
-555795361
2052966327
-170714749
-1835605189
143433533
-5490580
1734562316
-1598846015
-2081116155
-1789716289
-1185440099
-1765361815
-1915597836
-1671539868
1583540070
54965248
-1291041861
-1969318635
-1305414934
460736346
1937467944
498586432
-666548627
-1036017353
-2085136941
1744690797
-62624587
615905753
-1037978602
1057464936
-1054059319
593571198
28796742
-497124852
738650122
-1986757
228668511
1257591595
1235798415
-417158410
-1623292717
-87882959
1766859235
-1933437181
754331413
468954000
1858979047
297942199
-691413272
136150698
-397546931
-1510737771
-805923286
-27002755
437600061
-1802604045
-1424155113
-428249775
996775706
2120414551
448528470
1081211318
-1937748835
985456630
-1806971118
-2092539997
-1928706904
-5013895
-198090726
1955160216
-396505489
785452114
-497594941
-748591114
-1168050132
-119181728
2098175912
-1283345283
919971288
1466904821
1152445383
-932586246
-546485617
-304184384
-549742145
1257268503
1105441187
-1714044281
1544476385
2086550130
1455458732
1201399935
1141767827
2099277716
566531468
-1032084077
1408396539
-1813044748
-67880391
-1852195799
-1570170691
-1522341923
2037951430
-356957170
445376635
973203587
1666343711
-14681541
509042066
-166226768
1920912288
930898357
1604037670
-1061841018
-1250868389
-1580525616
365051911
1436139558
-807560303
508115911
272082501
-1999044179
-17570956
245030614
-804317908
-580072940
1579150272
-1871749939
496426166
-309876693
1971593556
-2011228714
895219823
546092899
-359669849
1883186457
1610816086
-1509068728
892537030
1428327473
37285371
1605818665
1781800734
-1215293964
-191563177
-1859543486
-1974922180
1573033439
-956288259
1020384738
-1023688836
115301706
1333981588
78088175
445776102
1635719519
-100374405
368196929
867336626
1705278412
414859046
-597245933
1885085267
-1368738424
150736740
1707587652
101002569
1340293422
-651865313
-1833427703
1298742029
-631515058
234323359
-435585117
-914128825
224486918
-244754527
-1142818115
164897367
-346102743
1483384876
-987335152
605105042
851504734
-942389669
-728179315
954253755
441196510
1495570039
1954112404
245837705
-865310894
-199479671
-1945173694
-711840114
884391811
-1151779708
-655614110
1503003292
1201413124
2000377451
-1786167773
-117889272
-540469227
380731704
-1321488306
1984519264
-1901329634
-470643387
2062593268
-1238599491
847824995
51576706
-2121374471
-1240063172
225553132
32642665
421446080
1788083404
-178286331
-58706431
-2123790787
-1900398028
-448980931
-1558231662
1924463048
-1168474042
-559367476
-1619589190
408957157
-40826135
-73274130
-331348474
775071350
-501030911
128740885
1527013415
-980912670
1489597845
957933476
1028207129
59936965
54306972
-17825280
-182783507
1123607391
-549599197
287674863
-915545793
-1342800262
-30932155
262200840
-934336392
1622297945
83294152
-1064223643
1311189244
1987135976
-312619858
818713450
707310763
1914660463
1223888498
-2057751462
-193646293
393022461
-1398280127
-2005390770
1371913986
1474300198
2065512609
-2013505693
1781734369
1848195463
963261517
-1016290636
743654916
-793627171
-2139984145
-680753548
-1189824256
-2014506060
340000048
1832427065
-676907975
-739998048
-1222193669
831654803
1028352001
-911370459
944951698
675135280
-932300681
1749826188
-1603703558
442963986
-687738349
14794654
2108230317
277196750
1165096513
1166594225
1042198390
-1715761773
675575360
529892457
1385344080
-1754331196
1120490608
-1481828954
472008969
-1082643160
1721480841
577405520
791707043
1104139744
-71674394
1805210712
2118724114
-1430355147
1101883192
-1074823439
451603252
1007559960
273624353
-2082216457
-1115257198
-1908543520
-807377222
-911543910
-1000625176
1671479763
-275960231
1847507015
-1260877185
-1841148018
-1846343651
1536542571
-1317374979
825591157
666093302
187264929
242101980
-1083085400
-1934887067
1265989164
775339646
-877567376
387449980
-1404174702
-438199813
-1852937272
-737499485
-1349140568
1948289821
1644500781
-2069263268
-142726462
-1250450559
-828360969
-1759491375
-591106227
1443550273
1951944236
1509989975
-1712491425
-2056711967
-935975439
-11641450
1555624088
1659684691
-16526592
-504900534
-643987675
1652084133
-1879982186
-1712051302
-28330938
882019864
-1658547236
84304353
28822307
1338340643
-178973306
1388731609
973508636
1363466504
1844035893
-918046929
-514487622
-462397598
785909309
1552290088
842289269
-805709640
-1712869625
-456300882
612911676
-2116897667
240717440
890871912
742653720
1960435191
1832538119
1632376939
-194452916
-1222770463
6873542
1380823101
-668743597
72394910
-2139995431
-184456499
388745084
2024985295
-820499829
-49325174
-1521323449
-1571478654
876907612
1605721199
-44228115
-195576517
-637794746
-990409436
-92232715
-1600945773
-1141601383
88023758
312256689
930330135
1922721858
-882072900
1569661870
-753391377
-1004867231
-456432231
-1251625633
592341704
766876641
721736080
1043447295
837188913
-1998827117
176919835
439760698
1792366107
1068329627
-366141626
-277955159
-1219714953
-1486432928
-1318890910
291503221
1625358832
1486142101
1332821870
1360521054
1551566365
-1313103242
-1639434395
-1420137344
-184356083
978441579
1425128912
1465481216
-1833444088
-2061445243
-1347266929
1867268758
-1315773328
-1692141244
862916729
1188253068
-1872954544
1651902022
2068248570
-155156696
-315913558
-340305204
-1644867986
-381334758
-2111630824
-1703103730
1737452069
2041934411
1061519920
392319173
1540451567
1291164822
2119308989
355361468
-1872973095
861357243
1181208072
3219087
93222008
74442439
-836180613
1061813652
-325177591
-576885014
1706908696
-231363970
1159158570
259605432
921728605
880112395
-75216378
-36143622
-1884895654
685172758
-1135281981
-1471510726
-464689092
-575151982
-960215292
1611036529
-2126866892
-32203177
-904393580
-368007973
128652685
-107174757
-1910346126
1879234834
2037385451
334355659
784858450
-706544192
-2064817054
1045992549
180825311
-1564248508
1467702440
1660892558
872416371
-339612120
843018491
-1482694433
-1659107074
2023353066
1044538898
-1928323055
-884458798
300095537
-1551150638
1005424239
878067479
1180821393
980450574
-920846744
-29483453
561777594
1475139593
468710921
1203985968
403068345
325538266
613188499
-1782782865
-443127657
-179663486
415546361
-1620724466
299312824
791337224
523402513
-1489215974
-1695088763
1940012029
1793830008
1862135603
-1191512903
-1042941503
123636952
326945034
1762625193
1661368610
580754505
-802080858
455374751
-312210534
-1406453008
-1332338536
1892691841
2072877545
321898331
76075047
-1225301521
-92483574
-1368927508
1380172375
1739683033
-1173131821
-162452136
414775456
-907639121
879902295
74240632
-1332549458
-565487375
-508578885
-109264046
-164428215
-143711612
945930372
-209871520
-477005676
1902072646
555114190
470502767
-661668944
-1679218758
1954080232
-2089251659
1403567541
-633995180
-147306437
-813319355
900596423
973347586
341745073
-285555272
-852185325
-1446236594
778252756
1402466649
-974318795
1587790980
1369939632
2132103113
-906016609
-910173141
-1361276358
283848526
-479705545
2063967779
-166593977
-644427
194106129
868258663
-1184954772
912820173
-1620827069
-1044443294
-1684793919
1891966535
1027929067
-1239818674
813617353
-1053759338
689437049
-306368965
1748589225
-1472395189
1927347475
1174451852
2054437574
-672075639
-247344410
-117409955
63661585
1106678634
1117748057
-1490460921
774195667
1166738470
1374771409
-635120928
1954096740
872738406
327691706
-940556916
-749478749
-576262704
-294483172
1460816378
1167439032
-1799976826
-350584645
-1828009942
1053305831
1493251480
1142176534
2049619191
-514768087
-305133746
-1065175771
-1608213611
-849290153
2082388581
2001650747
-824779337
1045879257
-28402102
1559080866
-1637096207
235584953
797659143
-1772241731
-772075787
-1388848393
152100179
-1085560398
-1384334418
1110375465
-303439444
1135903683
1512035949
-750368368
606805622
1167922698
36301408
1870744573
1354789989
394884256
1111257775
-192333115
778064924
1570529530
1859972044
2081673086
427197259
1639877669
1264585182
-1815511881
-940057328
761376629
-132232628
-724989550
-1221955612
1483748133
-946941022
1886733596
707257197
995774078
-48600285
-836390508
204455504
582779026
-2074097017
-1564912538
-1301361732
-1247922735
413456000
-1379783889
-13468944
-1563731732
782685981
-948427556
1131374538
1008691098
-1442083743
774621424
82479533
-1206572212
-1573853511
268029363
-1244810356
869854662
914954354
300511712
-692878450
-1284690211
1189635625
-73572914
1633571800
-1836116512
1623416679
-1043862279
2130561617
-855469018
395559220
1313883323
-959314058
1277026227
960039523
-1209145626
453519877
-598752039
1099705893
105598174
-1360909275
492415453
-259491884
-1721032365
-2076532275
585998246
2076170977
107592369
-1345026603
63219962
-371296614
-1678859436
-778490887
-1349519711
-1307166401
531717599
1041399932
-689545819
-244416207
1247530527
1254341732
1269697149
1016624663
915431166
473133798
-236273279
-1533367226
1879010291
-676578754
921337025
394551526
756316304
-1118756246
-939016216
-649946668
-432214247
-742975605
-871069168
-747709715
-765766470
-533869678
199945962
-678233037
1572646616
19171535
1847059901
300852794
-1696839366
-772719546
1583478858
-815523509
2023753751
-984107320
959634056
-811561281
490070569
87280611
-16610738
-1133322295
1205093566
1813482322
-1596734120
665487569
1231366694
1586279107
-2102963648
152541344
-279469061
1209997012
318132312
2062942549
1271745255
1763449824
1627476274
-647975894
-549163326
220890867
-1407216880
-1544669237
-1145053960
-563809735
844793598
-2070060799
30234102
-1501609780
1702433080
-2060695557
-1774879692
-1019943052
-896866192
-1478507752
1153926509
1628097608
209532167
1549083101
-2080380601
1647908742
1997544643
-1481134464
-2019432542
-290302392
-1245692902
-793267009
691377757
277685900
1115831098
-296971773
515211931
1155822462
943224075
2123332262
-1785619647
-202223584
996505012
-546766553
-1989159301
1922780497
1670556766
-1500580469
443168265
1063160666
-1965607712
387778593
-152723616
-347282736
-460443566
-1898798481
-2007943841
2037172162
-1291843255
1431295316
-1579872899
-55037101
-174387580
974636853
2023596633
-1731525268
-1271850925
1457268119
945703120
331091173
-147106363
65561586
1544976533
-1855248887
1044703518
1559808399
1772063729
-554299104
-1580355667
245686004
-1459462998
-866773760
2118540931
-1081121738
50536981
-2105860349
-1076712512
1124975498
-935539651
-1746547459
696952907
186987000
1792025816
1986227786
1832319821
-1423609413
1827933050
761927326
1581357698
22734207
576577439
625235849
1460287980
-1721974209
1418866876
1449312222
773103620
-529195314
-789506194
-1743971677
-353717802
847925686
1318721126
-1695095194
-1666304076
-1917932090
57459168
338012460
1455445663
1449188991
-609513841
12857940
443901404
2088201316
459658726
56407406
-1007478969
1671925788
1484948363
513816470
-2103880916
1509736332
1125199088
-1329893653
2124527334
-671728973
1071458493
1914913110
277218707
1451508870
1136690862
974729642
1457197094
1349343781
1396970062
1914996129
-115519517
-1186994443
808444080
-1513060236
-872846052
113930045
1114546503
-1461403377
1055302258
-1672400670
-374719408
1828479036
-2119380565
-2142160952
977786660
-1256388514
1780267580
-161620275
32304746
-211727122
734859669
540691290
-1118410367
-1491839600
-1122456768
-371986414
-1704775905
1060257103
-1300620554
-92275759
-340114802
2116634254
-75883073
-1701352702
-228401538
-1436475083
1091951543
-1959221967
-1201957502
1934030791
-1987001822
454583175
-1229404534
-520804562
533431730
1026460049
-1015748493
-51369367
-1037722573
-1189925791
1963673288
-475185254
-922998133
-1917646493
-599121980
-1067778832
-855999158
-2132594124
-1612367395
-1074492932
-720313885
-1497816229
-2146116669
-1850797893
1390053429
1481747765
1343281575
16110314
-1106893779
-418855851
918524996
1448222812
-277829957
1191728432
-619864055
-1816305867
-49554362
-1885381474
-2055267728
-2019393920
1929133582
-802204157
-2078298841
-1033686678
573126074
-437231101
-1927007569
292757862
1643940156
1605419345
-821493337
-660835805
1403729034
-1756226011
-1974012208
997570746
668520031
220309644
22135912
1864515480
-1788311175
122150214
-70375599
926529104
915580788
592064125
311979143
-1616578799
554534694
765449473
-254642762
-1954065553
-1030126073
1735523498
-1743338496
1628324626
-1127808612
-37098030
976410811
-1873731465
2126532658
-767548134
-90126936
-1065780059
449313845
-1603996849
503287308
1709512407
1485898531
1282732399
-1775126825
1698218234
55694459
695470537
-1960054025
303894259
611031513
183478570
-1035121681
304765582
700927695
-1147658782
-22022567
-402727701
-1585700536
1428344988
-2060507081
-517767643
1589968296
1032050193
-396385245
-1795042435
374403303
-1494611524
583671267
1855166509
-1160039505
-574420213
595642626
1864662172
-179242674
-1505527696
-73755527
101389077
1595450383
2006461177
-1932648585
1522831666
-863892101
-773061261
1757557358
-130245094
-379401857
1946608264
1268753159
100491579
783173329
-244479269
878293005
-1281791688
559552561
-959211390
-276229322
1425522210
-891657547
1973022469
-427206509
58024831
1000633519
-242598627
919974245
1224720885
-149644117
-2008444837
1247190588
-1357080302
-226661202
-1030504480
1822431123
1291422716
-994491033
-2012782272
-1382912883
1748594287
599092298
1645602839
1151153251
2034044554
-178994897
-184776390
892039340
-628432308
-1822696422
1060531248
-428596457
-1374600700
1933934158
-1479202879
1570216228
-850478221
2009863870
127713599
836480335
419180374
-1684239972
-1280529603
-773412577
58393478
1220834822
2028466517
-741516780
441096057
1897859223
1405999576
1233210709
-840645321
-2131499145
-374559880
-1763138883
1173254850
499966597
1979864529
-1597418409
843921843
-708740849
-406747943
393049568
138017104
-1752933014
-1439127627
-1838503623
4233001
-356855225
-1218502015
676626496
-171654481
-1019807059
1144299655
1898017699
-613316545
-306651619
-2042919558
-1526849942
444443072
-697090654
2003556996
1570220311
-1658743194
1538565902
1979780374
448325094
6979476
-72226271
759612813
310331079
1396897550
-1969709
1737899073
1699016341
-992741776
-753668995
-191758435
276769946
1338694067
1666715418
65771887
1218983221
1489086103
-2041702395
1194018038
678142104
1451132077
793470492
2001053636
-1936720780
-42755710
-1260119019
-1887659265
-732201418
109080458
301432314
-248850612
892957758
885527487
913805683
-1364486633
-830731301
-820085657
-269453559
162202662
1521830048
880137311
-2066017807
-1441977333
-305362941
-2021872426
1149715546
-1459844203
1631163381
1734191680
-1625614218
-493341062
-37226706
559675317
11980997
1677297528
1376341397
-1144619926
-673575002
2005925180
-1488813754
1146994485
-544453871
-674811666
-1633972776
832881700
1490070964
-2006503908
2123174050
433905186
-1418931620
1963774045
-206131398
-1398072785
-1377736360
501786474
16307864
718225370
487093400
365131387
-1808501618
-651054432
172964466
856888973
1479051502
154887531
329827660
1997264916
-715743518
207321624
1408026419
-2025469328
-6773854
-28115329
-1984525414
-977913802
-1357795384
1753460711
-1958973739
-23488752
-1385010316
-1806404948
1484693355
960148806
-473163681
-445682046
1677468570
-1096460307
1355737510
946443891
834917539
1276442184
1882686503
-1083923130
144008409
117625596
-99550745
544500144
-2044117729
-628183660
117221496
-2035120663
124424549
1927246208
1150483515
875903985
710615844
-917552801
-199662193
-1549528391
-1371155719
-1821464133
1299417220
74462688
2141926713
-175783550
-126344888
-1957676253
373153091
-16453894
-305078929
1581047358
1311867730
-323405411
-584350214
705315360
901140726
-87498938
-777885227
202628606
926444394
-22996892
862180904
-1501041266
1722158738
-1767160933
415131225
2059682653
-1438708334
-968486610
-643385091
786471802
592867495
-2108569010
1055454786
1767688228
832039056
-471944605
518801449
-1481834681
407235137
373778697
-1763799967
-1304855024
-588734477
949720970
907241036
-1300902770
-1128819302
487772410
1484235790
-1294362016
147585619
229882466
328470892
721835044
-449468175
-1739715586
-1625944362
1306560216
1750977545
1945775937
1466565530
566581169
1898802843
-393152248
-1571237823
-2074232232
1930222101
-529978160
1357382172
952439375
116150142
1644702061
173777324
-1408685978
-633965470
-1340255116
1453665236
1685889028
-1999777530
1754419440
-1032132441
-1420178420
-436938219
1119093542
-836855212
-1322285374
798538729
1225206350
-758777313
-1207842326
506688264
306710633
1249182561
-1682210306
-704197178
78200457
-1454079397
-498819083
-266653798
1885856500
1544759132
-2068219986
858379633
850871140
-385315504
877429392
1903773107
724029051
-1185511533
-724646309
1918097275
455050854
553480452
1069895364
-1198445354
1801330758
-1240421500
571313775
-204950450
474581152
2027418039
-1276146588
-2056413187
-1044508744
961737358
2000663154
404921587
-1306233579
2083766427
-1071795326
-1502790298
597270551
-971705842
-1184585971
-102947202
-1266216507
-843389129
309427915
-1051801673
-1213960674
1809839979
-1476471314
-1140623042
-782533788
-1812719145
-1480957345
1630385020
1227554320
-1442516270
-2019989297
1328927550
-764223827
-1995636172
-1421140894
-787702930
1225944682
1997578297
545746716
924736781
383312723
-1465889600
313612984
1363534808
-814520306
-1235211160
-510122501
-729280207
963322577
1268240184
815759591
1135662188
-1768252685
-1917685376
82542389
1662208292
1071379892
-1713287543
982531882
338163075
-1788653887
-12442483
-472877275
1913961424
1199771145
1602836097
922641879
-788932758
-990573885
666073924
404735942
-173778449
1552814088
-1822968022
2000183428
-1293681864
-197063605
-1274274797
1927331565
943912594
-662433127
715078788
-486777141
-153696165
1083829257
946412506
-1896600654
-753615464
-1141958149
-941693654
-1769047757
-56761053
-1153650422
-658326333
-1169674801
-1354113106
1642742803
-1663890552
239231932
2108543107
1811016827
1207448500
-1801943240
-2279532
2020246874
-1541183684
-470798920
398323114
-991670753
301836828
183570968
-379852520
555643257
2061952918
903832626
-1832500025
-889448419
-1255394844
1068463265
-1640162422
832728075
-1260243682
-1351238734
1229612036
-309274330
1973682916
979339909
-1280216821
-1954760780
1810295114
-841707330
1508433283
-1382442674
1371863513
-669880706
1984101694
-1279582003
1447659835
659965306
-719205440
-127810306
-1303705115
-767064905
1495450261
-1245989629
-1649610021
1668045301
336241373
797350815
1539407700
1734522121
-1817549084
-1375631979
1993400080
-1751633496
-1313727922
1164409853
228505113
961613958
-332044320
833564472
-1410919713
-933029172
-1486310326
-109936435
-468987760
1697948134
1770279674
-498998516
1514598244
1151249667
-1632121486
1442625519
885895743
1821146904
1364377308
1068153965
-853153155
-1186041514
1581703950
-818721590
-300489562
-886717752
-735990052
-6123274
1639464729
-2036959604
-7107121
299567595
-2038420334
-615153486
1229793695
-1695050429
-330053522
1310386756
-544996154
-176057437
550904801
-851174223
133631153
305822997
-1395740946
1658019986
-1222903176
2005380308
-655073682
1931380234
1447090299
-5696019
-2133541187
473165724
647967417
9427331
1118308524
-279373505
615086786
-281601124
1051347654
-1954631002
-731821729
1295490564
1627356994
53864013
-1241434114
-342594397
-365548830
1023615506
1280911411
591993360
-988999714
1098524379
-377617791
-1484104994
-3036240
-771855284
-122934179
1641200407
-1480587035
582856215
-145749370
151549820
1228123754
371019550
2110463768
-289134030
85311481
510180016
-1600479223
-261844848
1295422349
1930073883
-641441165
-731547628
-1080947410
80811621
1704252553
1990024080
658230898
-1148940597
156864739
340535976
-318477462
1411920502
1202953069
299298735
1193600076
-2052900119
-1131953391
241662248
1752286085
-1167914699
-2093905127
-1882753010
-1418064774
-155330520
-1914902280
-1425291302
-2000206275
809872442
1083197025
2040891889
1760678242
835066748
2020134919
-1912901053
2087230802
1202472970
1433799706
87886813
385972964
-1675358166
-249980734
620277946
-876736220
521274003
65643967
987994871
1216721525
-1934670618
1256906242
-105361017
1713020401
1225127808
1307337221
1007626900
389718610
-1558587353
705005843
1541076642
1307185209
-1034053055
-347156616
1222638861
-1413146580
-802753977
-413511020
2026666267
1205273863
-1285562197
7206561
-1094956668
-296140200
1986804504
-1120952200
596384502
507890676
798149074
1727539255
-1776326603
-314119017
-1050420231
1442891595
2062244001
1883469112
158276809
-245438665
-1467435928
-171189842
-1565123303
-337585695
-1697093567
-2099173505
-494530902
-1345096244
1293079234
1516482157
1509682029
-690941350
-1990308074
-1292437292
1661827547
-112759121
5187018
-2041473491
1223928756
-1436232517
1662914976
-226559276
2081567414
-2088090048
1937573732
2057910173
-1232220452
916308066
1597636819
422238385
1743742226
-1820576592
1927672337
-1568969936
-1045206713
914276534
-1902689451
330811754
-665453510
18206560
36247186
-758389465
-746799028
-571335093
756785228
-2004228838
-621483876
991194292
-662543578
-341639318
1571118472
1077519399
219843658
-1465530438
1423501915
48913354
965009539
-1589963839
-164459327
-1311813043
382750198
1979477986
-506991456
-1746682485
1811971482
1981828656
-1648783105
-1648088976
461248022
-1119316644
394699092
1997369353
-1659613931
47760905
-1320957525
2018457129
478160724
1173538614
1564146920
-2025243008
1402147513
-1544354009
-812794109
2110071855
476539659
114024115
-169485966
-1180259230
314636806
-542419723
551680075
-564110637
-751228283
-1740417536
-1095903293
1057523012
181666330
-229009639
2128715190
-635247970
-1275557508
-2045976198
176044065
1066055608
-2026388412
-686820220
1468750621
-1658431311
971625289
402906164
-1893698345
-1109527871
1234833974
-1805446163
-231357102
-1076601415
1524713373
272815368
1490736266
-110591787
367055245
-583997819
1204999769
-305542963
-463098657
-558270328
-807268560
305324862
1171523384
-1636074342
1752076287
-1819071203
-914800336
210889982
-2012547659
-1326627579
-1721989796
1812103690
622766788
-249121489
1256467548
1976015916
1538367092
-1450621973
-1212222045
1932515536
2103070040
-1692633347
938713499
-1401215952
1449136324
359699324
-1413474647
-1563183447
-590395121
610178985
-528530516
1242973242
-1276650367
523053042
-774842916
-1491037874
444111894
535813228
2021168506
1085443963
1286057781
299456579
474726289
1748609566
1282721567
-674195965
-229287976
-609001856
-1437266705
432672310
-282256889
292773289
483745985
-798499527
-2013134759
795607463
1492360407
-1547191169
27407718
539883217
220621709
968790246
-559298303
788274810
855567942
1585992348
1168642049
663255301
2023430097
-121549297
-1562386520
-1933975123
-839693616
2064958558
-884625957
-431951225
-1827299480
960795936
-1998720032
2107572521
-496398811
-245388398
785611211
403619672
155551948
1861214209
-2129939189
-993982287
-1243753240
1587020106
1655149060
558247189
-1830928906
-1479793167
1151473261
-412015632
-1503253593
1484811802
933732587
-1457618873
-640616738
-1218933694
-1155730510
-1254172152
-66557526
12507247
1392991193
1751823307
1606137669
1578400897
1853066243
-1261625151
867229900
-773237509
482834057
-521920624
1402992884
-1972314473
261282068
-796751657
1543289436
-1346398409
-1739845266
-1863184487
-47227338
-727829992
588869079
2123819514
903541289
-1028822695
1106579928
963979396
1558297336
1758704685
-860208300
-2139020773
-1360606115
36715245
1167990471
-853412146
1675305320
-1668873962
2020782077
-155302810
-1664118731
-196291356
-929966567
1089972085
54062315
-709113589
270327093
1386182483
1751536657
-1100710193
-826800002
1255670718
1770033216
569440264
1643217263
-1882116495
2027425614
138989968
989020220
-626193031
732582747
1006132429
-790145326
908880579
-1010880587
-776354396
1984046194
-1314119258
-1426328347
140688250
1132463611
-203920651
-1900996849
1026580424
960170778
1359528801
-58114407
-1525613815
-1282798473
-1154199240
1921606312
1842059665
662588523
-903255317
-1272833135
220526805
-1362442223
594499539
258999333
-327262858
-1540065288
222608159
-1718035431
1247542571
-1130574648
-93406173
-484671544
1666638343
1320858251
295484914
1014650638
-159293498
-1423512809
1848996080
1871743778
1435159641
-1776362928
-759217854
-549827701
-258067220
988877364
190844303
577475024
1690229347
-848659847
-427727593
-627141439
1578796816
-659090388
1451131733
-646916924
-1197688472
-1556276745
-725479793
-1144976690
90340602
-2101968635
1660843064
623884475
648536771
-706502970
-544437223
-1791828623
-1951948440
1882815489
1119056399
-1320241787
54112164
-1830922102
-1506799023
-1133518492
825476451
1613420711
2068438052
-672840351
1946747989
1507639732
2045194444
1034045647
-1160874538
-945092149
1264482176
-1885372627
-318963834
-383800167
138676774
-1049344280
-1075983574
-1863730115
-209124144
1620421638
1193932180
1392519393
763925589
-2143229467
438319983
470272530
-1853158814
1848127003
-685451568
1558941937
-74965487
453289933
-809444518
-1026091129
-1975588833
-726054121
-1777180891
-536083084
-1268649539
1662945590
1616165394
1612657120
699626979
664247959
-1265592521
-407999495
374212743
6485846
-1577057219
-394546720
-1279553220
-1942867854
-957759936
-763536274
656871850
-379129932
-838776685
-2142672060
918337506
-340811931
850853818
-847338636
1811478696
-1102564742
1956414625
1993009298
-739782156
-655089328
1929570433
-443282285
-101130113
-1178558511
371041049
1906127089
1827755876
-338633970
-1135348742
-1312214580
553467748
-552030631
-1552786897
2031948138
1490460296
-685737596
1562297864
-1273868156
-1246440278
-1583355883
88220236
-632159270
1307643518
1209092340
798850221
-2078545339
-43125881
413892474
571391367
1549515972
-1737073761
466789628
-600867984
-1618598759
-1023814077
-463432650
1929101519
888299796
-607030742
-1019729034
-1627860202
-797192301
-1198409216
-1050674285
79018357
-227785833
-1114665102
1001024861
-502671998
748032678
1593342828
-208078114
-596307833
-1114231342
512764556
1685850728
1909729711
-243526160
-1809268080
-23385481
-1718621953
36750137
-15731810
1607668946
807118619
-1448060686
-1892029054
-540330942
-1190307102
-1991682240
805983256
396743034
-1151921359
-1241998623
1223519925
1945769636
-108925532
495340555
535236870
-2112221145
326464976
744885133
-1993741551
685411570
-841961802
-1306699076
-1774157553
770877630
895909886
435575344
527178604
1902746800
1377327184
160457415
1794772779
-1693904112
-936855568
-1710410330
716146326
-1086490465
833177826
61524485
-2013994899
1425506100
-19561881
-1323373586
304279253
-1378659048
-839204438
1427014747
712599467
-839602820
-2092384864
-1918321516
-192529808
-2033547596
1772468275
1979731773
-826876717
522008178
473392383
-1463999829
1615572819
1039262003
658876135
1910190797
980054944
-245093023
-104639116
101625930
-629038717
-1716516167
-6610552
-1593336954
-1166024672
1079291453
-2001784236
-208250391
75838884
-392090848
-906084524
1399287880
343518003
1097053316
1581028024
-174718682
1014833834
1403814266
1873142242
1173449166
1054175800
-1383444594
-1701943071
1907698997
-1776385167
-1887915697
-1213385271
2046648210
-1479639376
-1168383862
-441145104
-3043456
-1906809878
847803912
-644428655
1477667274
-1822539872
-854723733
346678604
697995612
1577003331
-1039272590
318830892
283047053
848093094
1846036255
1949794698
-1404889759
614075210
136931640
561438519
-1580733609
727700960
-448963468
-112138358
2067897167
-1339194147
976488754
-1859462835
-1802019420
-68582446
-1950546551
2017852397
-640375013
1043236544
813783593
-350449186
-1139911759
578398254
-623227431
-140074530
1772586681
1123981810
146617198
1081881724
2088418508
1105423004
1971771856
593274015
1341519392
-1286212382
-1341375810
1756307997
-1233954747
1077584645
1029618183
-1568114108
828626867
710607836
1977795501
-1430141466
1802803323
-1925129333
-1991521619
1270774343
-124759203
-1508238285
-1093021642
1613694121
1974150701
1727241143
-1202803665
191336641
-140263030
806031055
-924954216
-655947146
-1060039455
-66435789
2106653206
-774222434
-1761316643
355802980
818009167
1542743343
1167409829
1265064047
-2120187033
1142922075
-1267069344
1550074282
1265463783
-638587147
-442040758
250809477
-176629770
792144062
1929890306
1299807753
802394531
593219464
-1341446123
-1085095126
486038653
120937609
-1215082437
1409827915
858922667
-759381325
-665678353
1140241363
1865939301
-436721969
-1714372029
628712644
2026591281
-1434385522
-1804566080
-87446803
147497494
1567684884
-1665715511
-380599008
-1358881487
-274118742
-1869451385
-1139525269
-72373387
-108591199
625909106
-236446862
739008460
-188670828
-784614131
68312826
752689564
554587899
647402526
1273745771
288942501
1286391113
1421841631
79676041
-1306205895
-1455505944
-1405595718
-639673161
1021455671
-233502646
229314710
-700251660
253597826
1479627740
-79614891
806333990
572780634
-584948704
-1498480010
708376114
-1642731210
-1063275636
1580018879
1105693999
-1100167612
-545389699
-167626553
-1568239466
-1821639078
640038402
-559441227
1753982846
-596221048
-1159124073
433050372
-221850983
-1702947161
-865192143
679465630
387780450
1664591605
-170511278
-271443611
1773181992
-726570850
-1359564334
465150693
105076320
219513366
457152580
-1557420283
-1277517278
300453724
1132305841
416996458
91041917
1502418662
-1635290426
-67874101
-696722336
-818925797
-2098228178
-2047706071
-86046021
-1049384509
-1753798266
1529199033
2121792791
-1158933929
-1100374700
-919865294
242662604
215565461
1192270196
162869624
-1101455478
1400845679
-668479933
-1631647717
-1479698138
1032209575
972454862
1760784593
1095217481
1911361335
-143033165
262579689
-1863608189
99039898
-785694807
1023253194
1661742828
-365085296
130396923
1221184635
-209499273
-307521257
947649358
-1113029554
810601453
1399104620
-962614188
1590964212
858542161
-407675736
-919775903
798482043
510961859
976945974
-190645362
-870766682
1778178661
146863817
1611661147
-1024823343
509965867
462150772
-1163767487
-1803312113
-861016692
-248740211
-581154860
674555761
753905715
-2061311665
-1188552411
-1068274457
158813894
-2032556086
-1507777066
1465987732
1899676785
877521296
-1247077062
1374188200
967317124
784404712
1661304238
-1822648168
1075966948
1734634238
-888121769
162556076
1356400368
-887471534
1401000417
-2015648467
560608105
-2057845063
189130176
-929860191
1031548431
-86342330
623385439
-1060836113
110854433
1956569675
-1584248691
-1975593665
1713729050
1412756606
680080185
-1940397183
-1497730502
344463135
1483826170
323555864
-243792096
1610097246
439966576
1475741800
1892880592
594507056
2001071743
685345547
-1162732765
2103716780
-959971747
1827596553
485523369
2057852432
-1762481470
1210657474
-1055108320
-515066160
842547968
-341553506
-1731268053
178792623
-683231853
568564045
-1194318134
905201802
-451145073
988850689
-140458588
917725343
-1480951867
-734882368
-1370491672
1718578317
294883047
-1160420238
-1188084857
-1441199936
1748819460
-1491642598
897572007
1723102819
1834988052
-1834171095
-2138783238
-1808940122
-202648753
6103330
-2081848002
648111391
1971240561
-1213550919
-382886845
928053662
-1156401553
-127601577
1927169996
-1983742388
-895538539
-123176960
727384357
733115745
-459063981
1441398093
-1831156046
1819819539
524309616
-926720014
-794089279
-1801469922
125170388
-1389584497
-964364568
1474982385
1970039962
848246027
1637151679
304579
151472088
-182530825
-641363593
-161917072
-990265314
-1265605138
550345345
854167072
-426838258
