-127085021
-1040351156
1663824047
1396743774
-659016004
1799493074
1607431696
65432653
-1320131702
-1390295058
877890174
-469163344
1282743413
-261746179
-2034391396
-2049135502
-2100499140
-483847246
509274695
-976909769
1620946250
-371422581
806934739
-487889204
774428746
90589806
727010395
-856040007
-1394631022
2072828520
-159314138
809285987
-1718072423
-155271382
-1419280452
279180816
-1429811500
1533922551
1963738737
1821281938
-253086657
-714262207
-905452207
1003202685
-224045846
-536485040
-2115392553
-1477606280
1192387229
1373072003
