1930971141
1862577666
346390106
-43011850
-1583180892
-1465827658
-725088752
-1779613843
877966660
-1654630936
-718440505
1161279482
2014164575
265205691
1778672499
601596654
64468549
-600606778
577570332
-434753972
896177160
1038157833
1029581528
-1917396108
2117281188
58179993
-1552069381
-70296660
-764329831
1312389750
-1090038882
1336396852
779173019
-995025739
-413447717
314267034
1478090333
1243178504
-1976190163
18585367
-919490084
-1665754202
548956900
-1400688762
-558724936
-1106970450
1937496414
1857620733
-511548890
-1989390669
1741387617
619519301
-1085509638
73732944
1519052335
960841068
405162904
-816606562
1643632410
-2008614804
-273106311
1245062267
-1564095822
-1938263350
-1805020009
-1619268409
214836386
-2088599101
-749889254
-947994484
1072268383
857088581
-1605931084
1539603646
-67122091
-785984943
-204332356
-42289885
-840961136
-1418386008
453286954
-129171124
-1589285421
926956480
865023988
-728526233
351455643
59536702
1804902043
613710691
95873560
441361511
-764513782
1527053820
-1282537670
2079596881
655920856
1488812803
1533471620
927999759
-943186850
-188183549
1242357021
-2007399858
31702922
-104480784
-1334891723
-665681603
-2018496797
-1859812586
29813314
930239985
-8003106
1109166381
1143719668
3860489
-1561365733
-901907539
-1678758433
-665504271
379301364
-1026594497
2022200370
825002207
-777824229
-470380789
-1793256185
-207520999
1726061538
-1985727563
-1887756595
284690396
-1705265405
-639156527
-2143549982
-1121681435
1179490860
-2009281447
373640219
-1324197186
1545801779
-1715804262
-1307551972
1876936383
1886708927
412085074
1919714434
148243063
1107858599
-2111874179
2081377046
-570551242
-1711428121
-65896663
1448518206
-602897117
1037943777
-1635833451
321054277
-308066910
-33693431
-1997857325
944468270
-1607181213
69024169
-52868102
-669596221
927449121
1423510286
-1149281748
345926969
-1232784525
422639147
-1994432439
-1765301418
-907579830
373803541
361408572
922779608
-1945711409
-448306229
2101598709
-944648678
1323574181
1834291168
-1626338258
1389718762
92860563
1417368964
1257928929
-253584998
-489383810
-1513238129
1363179446
974146424
-1908894999
-949542041
-294989154
1745390020
-597985684
2087079532
897515741
-2022091851
674770545
-835678833
909336474
1642077730
-1295805762
1681936367
-741625356
-1778964416
-261481926
-736370082
81113691
1919332873
137707721
-1318885462
1720880964
878664594
-1455897650
-151898664
-534691189
1454925239
1838697531
-401115775
773473912
482707064
565391267
-1221138080
-1926458751
2065642753
-848200660
643851653
1752330176
-134906533
723186985
691918493
-1565967523
2046614147
1440913478
430128459
-2008819724
-2145718223
-845905556
-540103585
21793794
-1411963986
172206368
1562105517
-168086031
140666123
-1456432731
546055469
-1212526631
-122014352
-125830625
-713950740
1416139314
-1346382486
-1936005068
309233732
618272797
-3584202
-1446886265
-695117574
126854689
-182668002
1401775298
-109117334
-237290069
-436802294
-1298163441
1897673680
1794121295
-1490051021
-162131571
-2141368804
-1400979231
559576815
1267843286
1518066434
-1036925347
-2079362265
351882667
1312383922
867885110
428487098
-1514402843
537899845
-1115539448
-78573187
1970145866
1758853067
242036097
-1677241230
-1738652201
647952959
856010292
192443318
-817895360
670652421
228375985
-1508005305
-908458368
-151486066
-808732834
-1156667905
516223512
215430301
1384737427
-288723890
8556913
-1999225877
894723424
1083955928
1593302273
-467889292
348686846
1299211666
1768625464
1029876783
-1307995312
1387487983
721427611
1882051926
-364960961
-677895367
1698976574
-930325133
2004812507
1558105819
925518330
-932401746
-1218065897
-39871921
-1564850079
430045769
-526410725
-606837870
-2012356978
927244213
-1230435699
-1335241014
-1664607544
-1774210792
-131214276
-1167968072
591121971
-1437117219
-1711941114
-1442754455
-948830342
-1278938881
56908462
-2040162703
1174997409
-716786288
-633299560
1749643695
1760944080
962391780
-548181535
-1293281764
-1158352927
-1517966595
1358269368
-1057821114
2062803417
1473113200
302978379
1039519879
1002433530
129934504
1480420344
1212291302
-462570120
583389436
2025144321
620738491
-1379315274
1527782644
-695201463
2142077918
-746099476
-13891533
1872156274
-913898196
-172053015
-729641014
1936836033
-1206180154
-132165575
-788314375
-52486013
1642208757
-1479866898
-1271110785
-669150834
177485466
1822371404
-981179032
1651542651
-387965927
-2025668883
364245996
-1121806571
-2078313290
-1542509476
1665042123
2075555727
350058469
-979302543
-19285810
1403549409
1220259973
-19408456
-442782969
-787649722
-467470541
1714768737
812951395
258937523
-1773731493
-1844289591
-2129961522
648968866
-608708538
1523630609
-1699733112
2134996899
74052673
-1101783621
1139458886
1641566917
960292126
97075493
2003953909
-1558448595
872076585
1607004072
-961004826
1165898730
1028120479
-451879033
-1637444007
-1220205836
1925541307
-903151384
-1986585093
1362637094
455321921
-864169599
-373016591
-1527496972
-1529002965
737770022
1912352302
1109163422
88395759
-1948434931
-1315801079
-45519150
-1062102237
-946341502
-1356997615
-806079002
-1684613816
97788741
1483581808
1790496250
-610980931
1425298978
1639339364
1928307714
757065879
271034686
-993549728
2096733766
603271454
-1289251013
-2026001677
108612757
1414397052
-1270631551
-394070476
-1721851839
-1169884523
208248308
-1637547401
-373707075
1622930463
1906655878
605509455
-1170758957
-894827635
690225005
1139108866
-1077916387
1598111302
-2101699514
